1.000000000000000000e+00
1.160000000000000000e+02
1.140000000000000000e+02
1.120000000000000000e+02
1.100000000000000000e+02
1.080000000000000000e+02
1.060000000000000000e+02
1.040000000000000000e+02
1.020000000000000000e+02
1.000000000000000000e+02
9.800000000000000000e+01
9.600000000000000000e+01
9.400000000000000000e+01
9.200000000000000000e+01
9.000000000000000000e+01
8.800000000000000000e+01
8.600000000000000000e+01
8.400000000000000000e+01
8.200000000000000000e+01
8.000000000000000000e+01
7.800000000000000000e+01
7.600000000000000000e+01
7.400000000000000000e+01
7.200000000000000000e+01
7.000000000000000000e+01
1.000000000000000000e+00
6.900000000000000000e+01
1.481000000000000000e+03
1.479000000000000000e+03
1.517000000000000000e+03
2.514000000000000000e+03
2.510000000000000000e+03
3.551000000000000000e+03
1.050000000000000000e+02
1.030000000000000000e+02
2.777000000000000000e+03
1.233000000000000000e+03
1.231000000000000000e+03
1.227000000000000000e+03
1.224000000000000000e+03
1.225000000000000000e+03
1.251000000000000000e+03
1.248000000000000000e+03
1.067000000000000000e+03
8.300000000000000000e+01
1.254000000000000000e+03
1.259000000000000000e+03
1.264000000000000000e+03
1.269000000000000000e+03
7.300000000000000000e+01
1.316000000000000000e+03
6.900000000000000000e+01
1.170000000000000000e+02
1.150000000000000000e+02
1.150000000000000000e+02
1.110000000000000000e+02
1.110000000000000000e+02
2.511000000000000000e+03
1.050000000000000000e+02
1.030000000000000000e+02
1.010000000000000000e+02
9.900000000000000000e+01
1.230000000000000000e+03
1.226000000000000000e+03
9.500000000000000000e+01
9.100000000000000000e+01
9.100000000000000000e+01
8.700000000000000000e+01
8.500000000000000000e+01
8.300000000000000000e+01
1.072000000000000000e+03
1.256000000000000000e+03
1.261000000000000000e+03
1.266000000000000000e+03
7.300000000000000000e+01
7.100000000000000000e+01
6.900000000000000000e+01
1.170000000000000000e+02
1.467000000000000000e+03
1.170000000000000000e+02
1.130000000000000000e+02
1.130000000000000000e+02
1.090000000000000000e+02
1.070000000000000000e+02
1.070000000000000000e+02
3.548000000000000000e+03
2.776000000000000000e+03
1.010000000000000000e+02
9.700000000000000000e+01
9.700000000000000000e+01
9.300000000000000000e+01
9.300000000000000000e+01
8.900000000000000000e+01
8.900000000000000000e+01
8.700000000000000000e+01
8.500000000000000000e+01
8.100000000000000000e+01
8.100000000000000000e+01
7.900000000000000000e+01
7.500000000000000000e+01
7.500000000000000000e+01
1.298000000000000000e+03
7.100000000000000000e+01
1.467000000000000000e+03
1.315000000000000000e+03
1.480000000000000000e+03
1.478000000000000000e+03
1.516000000000000000e+03
2.512000000000000000e+03
1.090000000000000000e+02
3.549000000000000000e+03
3.550000000000000000e+03
2.775000000000000000e+03
1.237000000000000000e+03
9.900000000000000000e+01
9.500000000000000000e+01
1.229000000000000000e+03
1.403000000000000000e+03
1.398000000000000000e+03
2.301000000000000000e+03
1.249000000000000000e+03
1.246000000000000000e+03
1.068000000000000000e+03
7.900000000000000000e+01
7.700000000000000000e+01
7.700000000000000000e+01
1.270000000000000000e+03
1.285000000000000000e+03
1.315000000000000000e+03
1.315000000000000000e+03
1.314000000000000000e+03
1.467000000000000000e+03
1.480000000000000000e+03
1.478000000000000000e+03
1.516000000000000000e+03
2.507000000000000000e+03
2.510000000000000000e+03
2.776000000000000000e+03
3.548000000000000000e+03
2.775000000000000000e+03
1.234000000000000000e+03
1.232000000000000000e+03
1.228000000000000000e+03
2.741000000000000000e+03
1.397000000000000000e+03
1.249000000000000000e+03
1.246000000000000000e+03
1.068000000000000000e+03
1.067000000000000000e+03
1.255000000000000000e+03
1.260000000000000000e+03
1.265000000000000000e+03
9.860000000000000000e+02
1.270000000000000000e+03
1.298000000000000000e+03
1.314000000000000000e+03
1.481000000000000000e+03
9.140000000000000000e+02
1.475000000000000000e+03
1.515000000000000000e+03
2.513000000000000000e+03
2.512000000000000000e+03
5.180000000000000000e+02
3.549000000000000000e+03
2.777000000000000000e+03
1.242000000000000000e+03
1.237000000000000000e+03
1.230000000000000000e+03
1.226000000000000000e+03
1.225000000000000000e+03
1.224000000000000000e+03
3.555000000000000000e+03
1.250000000000000000e+03
1.247000000000000000e+03
1.071000000000000000e+03
1.072000000000000000e+03
1.256000000000000000e+03
1.261000000000000000e+03
1.266000000000000000e+03
7.400000000000000000e+01
9.750000000000000000e+02
1.481000000000000000e+03
7.000000000000000000e+01
1.466000000000000000e+03
9.110000000000000000e+02
2.514000000000000000e+03
2.511000000000000000e+03
3.551000000000000000e+03
3.550000000000000000e+03
1.060000000000000000e+02
2.385000000000000000e+03
1.233000000000000000e+03
1.231000000000000000e+03
1.227000000000000000e+03
1.403000000000000000e+03
1.229000000000000000e+03
2.301000000000000000e+03
1.398000000000000000e+03
1.251000000000000000e+03
1.248000000000000000e+03
1.254000000000000000e+03
1.259000000000000000e+03
1.264000000000000000e+03
1.269000000000000000e+03
7.200000000000000000e+01
7.000000000000000000e+01
1.000000000000000000e+00
7.000000000000000000e+01
1.160000000000000000e+02
1.479000000000000000e+03
1.517000000000000000e+03
9.080000000000000000e+02
8.930000000000000000e+02
5.180000000000000000e+02
2.509000000000000000e+03
1.020000000000000000e+02
1.040000000000000000e+02
9.950000000000000000e+02
9.990000000000000000e+02
1.000000000000000000e+03
1.002000000000000000e+03
1.003000000000000000e+03
1.003000000000000000e+03
9.920000000000000000e+02
9.930000000000000000e+02
1.063000000000000000e+03
8.400000000000000000e+01
1.061000000000000000e+03
9.900000000000000000e+02
9.880000000000000000e+02
1.285000000000000000e+03
1.316000000000000000e+03
7.200000000000000000e+01
1.160000000000000000e+02
9.140000000000000000e+02
1.314000000000000000e+03
1.160000000000000000e+02
1.100000000000000000e+02
1.120000000000000000e+02
8.960000000000000000e+02
1.040000000000000000e+02
3.018000000000000000e+03
1.000000000000000000e+02
9.800000000000000000e+01
1.000000000000000000e+03
1.002000000000000000e+03
9.600000000000000000e+01
9.000000000000000000e+01
9.200000000000000000e+01
8.600000000000000000e+01
8.400000000000000000e+01
8.200000000000000000e+01
1.061000000000000000e+03
9.900000000000000000e+02
9.880000000000000000e+02
9.860000000000000000e+02
7.600000000000000000e+01
1.269000000000000000e+03
1.314000000000000000e+03
9.140000000000000000e+02
1.316000000000000000e+03
1.140000000000000000e+02
1.120000000000000000e+02
1.140000000000000000e+02
1.080000000000000000e+02
1.060000000000000000e+02
1.080000000000000000e+02
5.580000000000000000e+02
5.580000000000000000e+02
1.020000000000000000e+02
9.600000000000000000e+01
9.800000000000000000e+01
9.200000000000000000e+01
9.400000000000000000e+01
8.800000000000000000e+01
9.000000000000000000e+01
8.800000000000000000e+01
8.600000000000000000e+01
8.000000000000000000e+01
8.200000000000000000e+01
8.000000000000000000e+01
7.400000000000000000e+01
1.282000000000000000e+03
1.297000000000000000e+03
1.313000000000000000e+03
1.316000000000000000e+03
1.459000000000000000e+03
1.000000000000000000e+00
9.080000000000000000e+02
8.930000000000000000e+02
8.960000000000000000e+02
1.100000000000000000e+02
5.170000000000000000e+02
5.170000000000000000e+02
9.950000000000000000e+02
9.990000000000000000e+02
1.000000000000000000e+02
9.400000000000000000e+01
1.001000000000000000e+03
1.001000000000000000e+03
9.380000000000000000e+02
9.380000000000000000e+02
9.920000000000000000e+02
9.930000000000000000e+02
1.063000000000000000e+03
7.800000000000000000e+01
7.600000000000000000e+01
7.800000000000000000e+01
1.265000000000000000e+03
9.750000000000000000e+02
1.297000000000000000e+03
1.459000000000000000e+03
1.313000000000000000e+03
9.110000000000000000e+02
1.466000000000000000e+03
1.475000000000000000e+03
1.515000000000000000e+03
1.507000000000000000e+03
2.507000000000000000e+03
3.551000000000000000e+03
3.550000000000000000e+03
2.385000000000000000e+03
1.235000000000000000e+03
1.241000000000000000e+03
1.232000000000000000e+03
2.302000000000000000e+03
1.399000000000000000e+03
2.347000000000000000e+03
1.247000000000000000e+03
1.072000000000000000e+03
1.073000000000000000e+03
1.257000000000000000e+03
1.262000000000000000e+03
1.268000000000000000e+03
1.268000000000000000e+03
1.282000000000000000e+03
1.285000000000000000e+03
1.313000000000000000e+03
9.750000000000000000e+02
1.459000000000000000e+03
1.481000000000000000e+03
1.479000000000000000e+03
1.517000000000000000e+03
2.513000000000000000e+03
2.511000000000000000e+03
2.509000000000000000e+03
1.237000000000000000e+03
2.776000000000000000e+03
1.242000000000000000e+03
1.406000000000000000e+03
1.401000000000000000e+03
2.742000000000000000e+03
1.400000000000000000e+03
3.556000000000000000e+03
1.067000000000000000e+03
1.071000000000000000e+03
1.074000000000000000e+03
1.258000000000000000e+03
1.263000000000000000e+03
1.267000000000000000e+03
1.264000000000000000e+03
9.810000000000000000e+02
1.467000000000000000e+03
9.750000000000000000e+02
9.710000000000000000e+02
1.458000000000000000e+03
1.473000000000000000e+03
1.477000000000000000e+03
2.510000000000000000e+03
2.506000000000000000e+03
2.506000000000000000e+03
2.775000000000000000e+03
3.018000000000000000e+03
1.243000000000000000e+03
1.236000000000000000e+03
1.234000000000000000e+03
1.402000000000000000e+03
1.397000000000000000e+03
3.555000000000000000e+03
1.250000000000000000e+03
3.555000000000000000e+03
1.299000000000000000e+03
1.255000000000000000e+03
1.071000000000000000e+03
1.255000000000000000e+03
1.260000000000000000e+03
1.298000000000000000e+03
9.860000000000000000e+02
1.296000000000000000e+03
9.710000000000000000e+02
1.480000000000000000e+03
1.465000000000000000e+03
1.465000000000000000e+03
2.512000000000000000e+03
2.507000000000000000e+03
2.514000000000000000e+03
2.508000000000000000e+03
2.385000000000000000e+03
2.386000000000000000e+03
1.238000000000000000e+03
2.777000000000000000e+03
1.233000000000000000e+03
1.231000000000000000e+03
1.228000000000000000e+03
1.251000000000000000e+03
1.248000000000000000e+03
2.301000000000000000e+03
1.300000000000000000e+03
1.246000000000000000e+03
1.068000000000000000e+03
1.254000000000000000e+03
1.259000000000000000e+03
9.810000000000000000e+02
7.500000000000000000e+01
1.170000000000000000e+02
1.480000000000000000e+03
1.466000000000000000e+03
1.315000000000000000e+03
1.474000000000000000e+03
1.514000000000000000e+03
1.513000000000000000e+03
3.549000000000000000e+03
3.548000000000000000e+03
1.070000000000000000e+02
1.242000000000000000e+03
1.230000000000000000e+03
1.232000000000000000e+03
1.236000000000000000e+03
2.741000000000000000e+03
1.227000000000000000e+03
2.741000000000000000e+03
1.397000000000000000e+03
3.556000000000000000e+03
1.249000000000000000e+03
1.256000000000000000e+03
1.260000000000000000e+03
1.258000000000000000e+03
1.270000000000000000e+03
7.100000000000000000e+01
6.900000000000000000e+01
9.710000000000000000e+02
1.466000000000000000e+03
7.100000000000000000e+01
1.478000000000000000e+03
1.516000000000000000e+03
2.513000000000000000e+03
1.508000000000000000e+03
2.509000000000000000e+03
3.018000000000000000e+03
1.010000000000000000e+02
1.050000000000000000e+02
1.234000000000000000e+03
1.226000000000000000e+03
1.228000000000000000e+03
1.224000000000000000e+03
1.398000000000000000e+03
1.403000000000000000e+03
1.225000000000000000e+03
1.301000000000000000e+03
1.250000000000000000e+03
1.247000000000000000e+03
1.261000000000000000e+03
1.265000000000000000e+03
1.263000000000000000e+03
1.281000000000000000e+03
1.315000000000000000e+03
7.300000000000000000e+01
7.100000000000000000e+01
1.150000000000000000e+02
6.900000000000000000e+01
9.140000000000000000e+02
1.474000000000000000e+03
1.514000000000000000e+03
1.508000000000000000e+03
1.030000000000000000e+02
2.778000000000000000e+03
2.384000000000000000e+03
9.700000000000000000e+01
1.238000000000000000e+03
1.229000000000000000e+03
1.406000000000000000e+03
1.399000000000000000e+03
2.302000000000000000e+03
9.100000000000000000e+01
1.300000000000000000e+03
8.100000000000000000e+01
1.257000000000000000e+03
1.074000000000000000e+03
1.266000000000000000e+03
1.282000000000000000e+03
7.700000000000000000e+01
1.296000000000000000e+03
1.270000000000000000e+03
1.150000000000000000e+02
1.458000000000000000e+03
1.475000000000000000e+03
1.515000000000000000e+03
1.150000000000000000e+02
1.130000000000000000e+02
1.050000000000000000e+02
1.090000000000000000e+02
3.019000000000000000e+03
9.900000000000000000e+01
2.384000000000000000e+03
9.500000000000000000e+01
1.401000000000000000e+03
9.700000000000000000e+01
8.900000000000000000e+01
9.300000000000000000e+01
8.500000000000000000e+01
1.303000000000000000e+03
1.073000000000000000e+03
8.500000000000000000e+01
1.262000000000000000e+03
1.267000000000000000e+03
7.300000000000000000e+01
1.297000000000000000e+03
1.266000000000000000e+03
1.459000000000000000e+03
1.458000000000000000e+03
