0.000000000000000000e+00
3.000000000000000000e+00
5.000000000000000000e+00
7.000000000000000000e+00
9.000000000000000000e+00
1.100000000000000000e+01
1.300000000000000000e+01
1.500000000000000000e+01
1.700000000000000000e+01
1.900000000000000000e+01
2.100000000000000000e+01
2.300000000000000000e+01
2.500000000000000000e+01
2.700000000000000000e+01
2.900000000000000000e+01
3.100000000000000000e+01
3.300000000000000000e+01
3.500000000000000000e+01
3.700000000000000000e+01
3.900000000000000000e+01
4.100000000000000000e+01
4.300000000000000000e+01
4.500000000000000000e+01
4.700000000000000000e+01
4.900000000000000000e+01
5.100000000000000000e+01
5.300000000000000000e+01
5.500000000000000000e+01
5.700000000000000000e+01
5.900000000000000000e+01
6.100000000000000000e+01
6.300000000000000000e+01
6.500000000000000000e+01
6.700000000000000000e+01
0.000000000000000000e+00
3.516000000000000000e+03
2.000000000000000000e+00
4.000000000000000000e+00
6.000000000000000000e+00
3.529000000000000000e+03
1.200000000000000000e+01
1.400000000000000000e+01
1.351000000000000000e+03
1.182000000000000000e+03
1.163000000000000000e+03
1.158000000000000000e+03
1.156000000000000000e+03
2.600000000000000000e+01
1.075000000000000000e+03
3.000000000000000000e+01
3.200000000000000000e+01
1.069000000000000000e+03
1.414000000000000000e+03
3.600000000000000000e+01
4.000000000000000000e+01
4.200000000000000000e+01
3.540000000000000000e+03
3.539000000000000000e+03
4.600000000000000000e+01
1.205000000000000000e+03
1.195000000000000000e+03
5.400000000000000000e+01
5.400000000000000000e+01
5.800000000000000000e+01
1.355000000000000000e+03
1.360000000000000000e+03
1.367000000000000000e+03
6.600000000000000000e+01
6.800000000000000000e+01
3.516000000000000000e+03
2.000000000000000000e+00
4.000000000000000000e+00
6.000000000000000000e+00
8.000000000000000000e+00
1.000000000000000000e+01
1.000000000000000000e+01
1.200000000000000000e+01
1.600000000000000000e+01
1.800000000000000000e+01
2.000000000000000000e+01
2.200000000000000000e+01
2.400000000000000000e+01
1.076000000000000000e+03
1.082000000000000000e+03
1.066000000000000000e+03
1.065000000000000000e+03
3.400000000000000000e+01
3.600000000000000000e+01
1.419000000000000000e+03
1.422000000000000000e+03
4.000000000000000000e+01
1.183000000000000000e+03
4.400000000000000000e+01
4.800000000000000000e+01
5.000000000000000000e+01
5.000000000000000000e+01
5.200000000000000000e+01
5.600000000000000000e+01
1.352000000000000000e+03
5.800000000000000000e+01
1.361000000000000000e+03
6.200000000000000000e+01
6.400000000000000000e+01
6.600000000000000000e+01
2.000000000000000000e+00
6.800000000000000000e+01
3.518000000000000000e+03
3.519000000000000000e+03
3.524000000000000000e+03
8.000000000000000000e+00
3.531000000000000000e+03
3.536000000000000000e+03
1.400000000000000000e+01
1.600000000000000000e+01
1.800000000000000000e+01
1.160000000000000000e+03
2.200000000000000000e+01
1.157000000000000000e+03
2.800000000000000000e+01
1.081000000000000000e+03
1.070000000000000000e+03
3.200000000000000000e+01
3.400000000000000000e+01
3.800000000000000000e+01
3.800000000000000000e+01
1.184000000000000000e+03
4.200000000000000000e+01
4.600000000000000000e+01
3.541000000000000000e+03
4.800000000000000000e+01
5.200000000000000000e+01
1.186000000000000000e+03
1.185000000000000000e+03
5.600000000000000000e+01
1.356000000000000000e+03
6.200000000000000000e+01
6.400000000000000000e+01
3.545000000000000000e+03
3.514000000000000000e+03
6.800000000000000000e+01
3.513000000000000000e+03
3.515000000000000000e+03
3.517000000000000000e+03
3.521000000000000000e+03
3.526000000000000000e+03
3.534000000000000000e+03
3.537000000000000000e+03
1.350000000000000000e+03
1.179000000000000000e+03
1.164000000000000000e+03
2.000000000000000000e+01
1.155000000000000000e+03
2.400000000000000000e+01
2.600000000000000000e+01
2.800000000000000000e+01
3.000000000000000000e+01
1.252000000000000000e+03
1.415000000000000000e+03
1.420000000000000000e+03
1.425000000000000000e+03
1.427000000000000000e+03
4.400000000000000000e+01
3.542000000000000000e+03
1.204000000000000000e+03
1.204000000000000000e+03
1.197000000000000000e+03
1.188000000000000000e+03
1.193000000000000000e+03
1.353000000000000000e+03
6.000000000000000000e+01
6.000000000000000000e+01
1.374000000000000000e+03
3.543000000000000000e+03
3.544000000000000000e+03
3.513000000000000000e+03
3.515000000000000000e+03
3.517000000000000000e+03
3.521000000000000000e+03
3.526000000000000000e+03
3.531000000000000000e+03
3.536000000000000000e+03
3.534000000000000000e+03
1.182000000000000000e+03
1.164000000000000000e+03
1.027000000000000000e+03
1.159000000000000000e+03
1.157000000000000000e+03
1.075000000000000000e+03
1.076000000000000000e+03
1.065000000000000000e+03
1.066000000000000000e+03
1.070000000000000000e+03
1.252000000000000000e+03
1.415000000000000000e+03
1.420000000000000000e+03
1.425000000000000000e+03
3.552000000000000000e+03
3.540000000000000000e+03
1.203000000000000000e+03
1.014000000000000000e+03
1.196000000000000000e+03
1.185000000000000000e+03
1.186000000000000000e+03
1.193000000000000000e+03
1.353000000000000000e+03
1.362000000000000000e+03
1.361000000000000000e+03
3.544000000000000000e+03
3.513000000000000000e+03
3.515000000000000000e+03
3.839000000000000000e+03
3.516000000000000000e+03
3.518000000000000000e+03
3.519000000000000000e+03
3.524000000000000000e+03
3.529000000000000000e+03
1.350000000000000000e+03
3.537000000000000000e+03
1.351000000000000000e+03
1.160000000000000000e+03
1.155000000000000000e+03
1.139000000000000000e+03
1.107000000000000000e+03
1.083000000000000000e+03
1.080000000000000000e+03
1.069000000000000000e+03
1.414000000000000000e+03
1.419000000000000000e+03
1.422000000000000000e+03
1.427000000000000000e+03
1.183000000000000000e+03
3.539000000000000000e+03
2.150000000000000000e+02
3.542000000000000000e+03
1.197000000000000000e+03
1.188000000000000000e+03
1.187000000000000000e+03
1.352000000000000000e+03
1.354000000000000000e+03
1.357000000000000000e+03
1.356000000000000000e+03
1.375000000000000000e+03
1.374000000000000000e+03
3.545000000000000000e+03
3.839000000000000000e+03
3.514000000000000000e+03
3.840000000000000000e+03
3.520000000000000000e+03
3.525000000000000000e+03
3.530000000000000000e+03
3.535000000000000000e+03
1.500000000000000000e+01
1.023000000000000000e+03
1.023000000000000000e+03
1.166000000000000000e+03
1.034000000000000000e+03
1.158000000000000000e+03
1.156000000000000000e+03
1.081000000000000000e+03
1.082000000000000000e+03
1.077000000000000000e+03
1.253000000000000000e+03
1.416000000000000000e+03
1.421000000000000000e+03
1.426000000000000000e+03
1.430000000000000000e+03
1.184000000000000000e+03
3.541000000000000000e+03
4.500000000000000000e+01
1.200000000000000000e+03
1.018000000000000000e+03
1.195000000000000000e+03
1.194000000000000000e+03
1.355000000000000000e+03
1.360000000000000000e+03
1.367000000000000000e+03
3.543000000000000000e+03
3.546000000000000000e+03
3.547000000000000000e+03
3.514000000000000000e+03
2.240000000000000000e+02
0.000000000000000000e+00
3.000000000000000000e+00
5.000000000000000000e+00
2.180000000000000000e+02
1.300000000000000000e+01
1.100000000000000000e+01
1.700000000000000000e+01
1.900000000000000000e+01
2.100000000000000000e+01
1.163000000000000000e+03
1.047000000000000000e+03
2.700000000000000000e+01
2.500000000000000000e+01
3.100000000000000000e+01
2.900000000000000000e+01
3.100000000000000000e+01
3.300000000000000000e+01
3.500000000000000000e+01
4.100000000000000000e+01
4.300000000000000000e+01
2.150000000000000000e+02
3.554000000000000000e+03
4.900000000000000000e+01
1.203000000000000000e+03
1.205000000000000000e+03
5.500000000000000000e+01
5.300000000000000000e+01
5.900000000000000000e+01
9.550000000000000000e+02
9.540000000000000000e+02
9.520000000000000000e+02
6.700000000000000000e+01
0.000000000000000000e+00
2.240000000000000000e+02
3.000000000000000000e+00
5.000000000000000000e+00
7.000000000000000000e+00
9.000000000000000000e+00
1.100000000000000000e+01
9.000000000000000000e+00
3.538000000000000000e+03
1.300000000000000000e+01
1.500000000000000000e+01
1.700000000000000000e+01
1.900000000000000000e+01
2.100000000000000000e+01
1.059000000000000000e+03
1.059000000000000000e+03
1.064000000000000000e+03
3.300000000000000000e+01
1.062000000000000000e+03
9.910000000000000000e+02
9.310000000000000000e+02
3.700000000000000000e+01
3.900000000000000000e+01
1.020000000000000000e+03
4.300000000000000000e+01
1.205000000000000000e+03
5.100000000000000000e+01
4.900000000000000000e+01
5.100000000000000000e+01
5.700000000000000000e+01
1.015000000000000000e+03
9.540000000000000000e+02
9.520000000000000000e+02
6.100000000000000000e+01
6.300000000000000000e+01
6.500000000000000000e+01
3.000000000000000000e+00
6.700000000000000000e+01
2.230000000000000000e+02
2.220000000000000000e+02
2.200000000000000000e+02
7.000000000000000000e+00
2.180000000000000000e+02
2.160000000000000000e+02
1.181000000000000000e+03
1.174000000000000000e+03
1.179000000000000000e+03
2.300000000000000000e+01
2.500000000000000000e+01
1.047000000000000000e+03
1.057000000000000000e+03
1.057000000000000000e+03
1.064000000000000000e+03
3.500000000000000000e+01
3.700000000000000000e+01
3.900000000000000000e+01
9.290000000000000000e+02
1.020000000000000000e+03
4.100000000000000000e+01
4.700000000000000000e+01
1.387000000000000000e+03
4.700000000000000000e+01
5.300000000000000000e+01
1.019000000000000000e+03
1.019000000000000000e+03
5.500000000000000000e+01
5.700000000000000000e+01
6.300000000000000000e+01
6.500000000000000000e+01
2.140000000000000000e+02
2.250000000000000000e+02
6.700000000000000000e+01
2.250000000000000000e+02
2.240000000000000000e+02
2.230000000000000000e+02
2.220000000000000000e+02
2.200000000000000000e+02
2.160000000000000000e+02
1.021000000000000000e+03
1.021000000000000000e+03
1.163000000000000000e+03
1.159000000000000000e+03
1.027000000000000000e+03
1.034000000000000000e+03
2.300000000000000000e+01
2.900000000000000000e+01
2.700000000000000000e+01
1.062000000000000000e+03
9.910000000000000000e+02
9.310000000000000000e+02
9.290000000000000000e+02
9.270000000000000000e+02
9.270000000000000000e+02
4.500000000000000000e+01
9.430000000000000000e+02
9.430000000000000000e+02
1.196000000000000000e+03
1.014000000000000000e+03
1.018000000000000000e+03
1.015000000000000000e+03
9.550000000000000000e+02
6.100000000000000000e+01
5.900000000000000000e+01
9.480000000000000000e+02
9.480000000000000000e+02
2.140000000000000000e+02
2.250000000000000000e+02
3.518000000000000000e+03
3.513000000000000000e+03
3.524000000000000000e+03
3.529000000000000000e+03
3.534000000000000000e+03
3.861000000000000000e+03
1.351000000000000000e+03
1.179000000000000000e+03
1.166000000000000000e+03
1.162000000000000000e+03
1.161000000000000000e+03
1.137000000000000000e+03
1.082000000000000000e+03
1.157000000000000000e+03
1.070000000000000000e+03
1.081000000000000000e+03
1.065000000000000000e+03
1.069000000000000000e+03
1.414000000000000000e+03
1.184000000000000000e+03
3.540000000000000000e+03
3.553000000000000000e+03
3.552000000000000000e+03
1.200000000000000000e+03
1.198000000000000000e+03
1.192000000000000000e+03
1.193000000000000000e+03
1.188000000000000000e+03
1.194000000000000000e+03
1.354000000000000000e+03
1.369000000000000000e+03
1.362000000000000000e+03
3.514000000000000000e+03
3.516000000000000000e+03
3.518000000000000000e+03
3.840000000000000000e+03
3.519000000000000000e+03
3.515000000000000000e+03
3.530000000000000000e+03
3.535000000000000000e+03
3.859000000000000000e+03
3.531000000000000000e+03
3.536000000000000000e+03
1.025000000000000000e+03
1.158000000000000000e+03
1.139000000000000000e+03
1.107000000000000000e+03
1.083000000000000000e+03
1.107000000000000000e+03
1.077000000000000000e+03
1.080000000000000000e+03
1.077000000000000000e+03
1.253000000000000000e+03
1.416000000000000000e+03
1.419000000000000000e+03
3.552000000000000000e+03
1.433000000000000000e+03
1.183000000000000000e+03
3.539000000000000000e+03
1.195000000000000000e+03
1.198000000000000000e+03
1.190000000000000000e+03
1.187000000000000000e+03
1.185000000000000000e+03
1.352000000000000000e+03
1.357000000000000000e+03
1.360000000000000000e+03
1.367000000000000000e+03
3.839000000000000000e+03
3.840000000000000000e+03
3.847000000000000000e+03
3.520000000000000000e+03
3.525000000000000000e+03
3.517000000000000000e+03
3.521000000000000000e+03
3.526000000000000000e+03
3.535000000000000000e+03
1.174000000000000000e+03
1.027000000000000000e+03
1.182000000000000000e+03
1.162000000000000000e+03
1.138000000000000000e+03
1.105000000000000000e+03
1.066000000000000000e+03
1.075000000000000000e+03
1.252000000000000000e+03
1.415000000000000000e+03
1.420000000000000000e+03
1.425000000000000000e+03
1.421000000000000000e+03
1.422000000000000000e+03
1.427000000000000000e+03
3.553000000000000000e+03
1.014000000000000000e+03
1.013000000000000000e+03
1.187000000000000000e+03
1.189000000000000000e+03
1.353000000000000000e+03
1.356000000000000000e+03
1.364000000000000000e+03
1.368000000000000000e+03
1.371000000000000000e+03
3.547000000000000000e+03
2.000000000000000000e+00
3.847000000000000000e+03
3.870000000000000000e+03
6.800000000000000000e+01
3.840000000000000000e+03
3.520000000000000000e+03
3.532000000000000000e+03
3.530000000000000000e+03
1.181000000000000000e+03
1.173000000000000000e+03
1.350000000000000000e+03
1.025000000000000000e+03
1.156000000000000000e+03
1.076000000000000000e+03
1.106000000000000000e+03
1.080000000000000000e+03
1.083000000000000000e+03
1.253000000000000000e+03
1.086000000000000000e+03
1.418000000000000000e+03
1.424000000000000000e+03
1.430000000000000000e+03
1.426000000000000000e+03
1.430000000000000000e+03
2.427000000000000000e+03
1.013000000000000000e+03
1.199000000000000000e+03
1.186000000000000000e+03
1.194000000000000000e+03
1.215000000000000000e+03
1.357000000000000000e+03
1.363000000000000000e+03
1.355000000000000000e+03
2.281000000000000000e+03
1.375000000000000000e+03
3.543000000000000000e+03
3.870000000000000000e+03
3.544000000000000000e+03
3.841000000000000000e+03
3.522000000000000000e+03
3.527000000000000000e+03
3.525000000000000000e+03
3.537000000000000000e+03
1.600000000000000000e+01
3.538000000000000000e+03
1.181000000000000000e+03
1.165000000000000000e+03
1.138000000000000000e+03
1.159000000000000000e+03
1.139000000000000000e+03
1.085000000000000000e+03
1.089000000000000000e+03
1.079000000000000000e+03
1.416000000000000000e+03
1.417000000000000000e+03
1.426000000000000000e+03
1.429000000000000000e+03
1.432000000000000000e+03
3.542000000000000000e+03
1.203000000000000000e+03
3.554000000000000000e+03
3.541000000000000000e+03
1.190000000000000000e+03
1.196000000000000000e+03
1.366000000000000000e+03
1.359000000000000000e+03
1.362000000000000000e+03
1.374000000000000000e+03
3.545000000000000000e+03
2.953000000000000000e+03
3.546000000000000000e+03
3.544000000000000000e+03
3.547000000000000000e+03
3.839000000000000000e+03
3.523000000000000000e+03
3.528000000000000000e+03
3.533000000000000000e+03
3.538000000000000000e+03
1.000000000000000000e+01
1.800000000000000000e+01
1.173000000000000000e+03
1.174000000000000000e+03
1.164000000000000000e+03
1.160000000000000000e+03
1.155000000000000000e+03
1.084000000000000000e+03
1.092000000000000000e+03
1.078000000000000000e+03
2.404000000000000000e+03
1.421000000000000000e+03
1.423000000000000000e+03
1.428000000000000000e+03
1.431000000000000000e+03
3.554000000000000000e+03
4.200000000000000000e+01
5.000000000000000000e+01
5.200000000000000000e+01
1.204000000000000000e+03
1.197000000000000000e+03
1.354000000000000000e+03
1.358000000000000000e+03
1.361000000000000000e+03
1.375000000000000000e+03
3.546000000000000000e+03
3.760000000000000000e+03
3.869000000000000000e+03
3.547000000000000000e+03
3.842000000000000000e+03
3.842000000000000000e+03
2.000000000000000000e+00
4.000000000000000000e+00
3.859000000000000000e+03
1.400000000000000000e+01
3.862000000000000000e+03
1.200000000000000000e+01
2.000000000000000000e+01
2.200000000000000000e+01
1.166000000000000000e+03
1.106000000000000000e+03
2.800000000000000000e+01
3.000000000000000000e+01
3.200000000000000000e+01
2.800000000000000000e+01
3.000000000000000000e+01
2.404000000000000000e+03
3.400000000000000000e+01
4.200000000000000000e+01
4.400000000000000000e+01
1.431000000000000000e+03
4.800000000000000000e+01
4.400000000000000000e+01
4.600000000000000000e+01
1.200000000000000000e+03
5.600000000000000000e+01
5.200000000000000000e+01
6.000000000000000000e+01
1.369000000000000000e+03
1.363000000000000000e+03
1.368000000000000000e+03
6.200000000000000000e+01
3.761000000000000000e+03
3.842000000000000000e+03
4.000000000000000000e+00
6.000000000000000000e+00
8.000000000000000000e+00
1.000000000000000000e+01
1.200000000000000000e+01
8.000000000000000000e+00
3.861000000000000000e+03
1.180000000000000000e+03
1.400000000000000000e+01
1.600000000000000000e+01
1.800000000000000000e+01
2.000000000000000000e+01
1.137000000000000000e+03
1.105000000000000000e+03
1.079000000000000000e+03
3.400000000000000000e+01
1.078000000000000000e+03
3.200000000000000000e+01
1.417000000000000000e+03
3.600000000000000000e+01
3.800000000000000000e+01
4.000000000000000000e+01
1.387000000000000000e+03
1.197000000000000000e+03
1.192000000000000000e+03
5.400000000000000000e+01
5.000000000000000000e+01
5.800000000000000000e+01
1.366000000000000000e+03
5.600000000000000000e+01
1.371000000000000000e+03
6.600000000000000000e+01
6.800000000000000000e+01
6.400000000000000000e+01
4.000000000000000000e+00
